
ITEM ID's
Default Necklace: 2B 00 00 00 3B 26 55 00 01 00 00 00 00 00 00 00 00 00 00 00 01 00 00 00 00 00 00 00 0D 00 00 00 00 00 00 00 00 00 00 00 2D

Beta EyeBall: 6D 00 00 00 69 C0 29 69 01 00 00 00 01 00 00 00 04 00 00 00 01 00 00 00 00 00 00 00 E1 00 00 00 00 00 00 00 00 00 00 00 FA 00 00 00 E7 00 00 00 00 00 00 00 00 00 00 00 00 00 00 00

Beta Creature Mask: 61 00 00 00 69 01 52 67 01 00 00 00 01 00 00 00 00 00 00 00 01 00 00 00 00 00 00 00 5A 00 00 00 00 00 00 00 E0 F8 C8 5D 2C 01 00 00 E0 00 00 00 00 00 00 00 00 00 00 00 00 00 00 00

Milky Tiara:3B 00 00 00 31 31 15 55 01 00 00 00 00 00 00 00 00 00 00 00 01 00 00 00 00 00 00 00 4B 00 00 00 00 00 00 00 00 00 00 00 FA 00 00 00 88 00 00 00 00 00 00 00 00 00 00 00 00 00 00 00

Pink Mace Tail: 5A 00 00 00 28 9F 28 8B 01 00 00 00 01 00 00 00 00 00 00 00 01 00 00 00 00 00 00 00 2D 00 00 00 00 00 00 00 00 00 00 00 96 00 00 00 A8 00 00 00 00 00 00 00 00 00 00 00 01 00 00 00

DP HD:74 00 00 00 04 28 64 1D 01 00 00 00 01 00 00 00 04 00 00 00 01 00 00 00 00 00 00 00 3C 00 00 00 00 00 00 00 00 00 00 00 C8 00 00 00 F3 00 00 00 00 00 00 00 00 00 00 00 00 00 00 00

RIM HD:74 00 00 00 1C FF FF 1C 01 00 00 00 01 00 00 00 04 00 00 00 01 00 00 00 00 00 00 00 71 02 00 00 00 00 00 00 00 00 00 00 8A 02 00 00 EA 01 00 00 00 00 00 00 00 00 00 00 00 00 00 00 FF

TAN HD:74 00 00 00 04 2B 07 01 01 00 00 00 01 00 00 00 04 00 00 00 01 00 00 00 00 00 00 00 3C 00 00 00 00 00 00 00 00 00 00 00 C8 00 00 00 F3 00 00 00 00 00 00 00 00 00 00 00 00 00 00 00

Orange HD:74 00 00 00 04 FF 2B F1 01 00 00 00 01 00 00 00 04 00 00 00 01 00 00 00 00 00 00 00 3C 00 00 00 00 00 00 00 00 00 00 00 C8 00 00 00 F3 00 00 00 00 00 00 00 00 00 00 00 00 00 00 00

Silver HD: 74 00 00 00 04 55 FF 05 01 00 00 00 01 00 00 00 04 00 00 00 01 00 00 00 00 00 00 00 3C 00 00 00 00 00 00 00 00 00 00 00 C8 00 00 00 F3 00 00 00 00 00 00 00 00 00 00 00 00 00 00 00

MAG HD: 74 00 00 00 04 23 FF 8B 01 00 00 00 01 00 00 00 04 00 00 00 01 00 00 00 00 00 00 00 3C 00 00 00 00 00 00 00 00 00 00 00 C8 00 00 00 F3
 00 00 00 00 00 00 00 00 00 00 00 00 00 00 00

Black HD: 74 00 00 00 04 23 FF 53 01 00 00 00 01 00 00 00 04 00 00 00 01 00 00 00 00 00 00 00 3C 00 00 00 00 00 00 00 00 00 00 00 C8 00 00 00 F3 00 00 00 00 00 00 00 00 00 00 00 00 00 00 00

Blue HD: 74 00 00 00 04 55 FF 98 01 00 00 00 01 00 00 00 04 00 00 00 01 00 00 00 00 00 00 00 3C 00 00 00 00 00 00 00 00 00 00 00 C8 00 00 00 F3 00 00 00 00 00 00 00 00 00 00 00 00 00 00 00

LPHD: 74 00 00 00 04 65 FF 32 01 00 00 00 01 00 00 00 04 00 00 00 01 00 00 00 00 00 00 00 3C 00 00 00 00 00 00 00 00 00 00 00 C8 00 00 00 F3 00 00 00 00 00 00 00 00 00 00 00 00 00 00 00

SOLID MAGENTA HD: 74 00 00 00 00 00 00 00 01 00 00 00 01 00 00 00 04 00 00 00 01 00 00 00 00 00 00 00 3C 00 00 00 00 00 00 00 00 00 00 00 C8 00 00 00 F3 00 00 00 00 00 00 00 00 00 00 00 00 00 00 00

Beta Tiara: 3B 00 00 00 69 30 08 2C 01 00 00 00 00 00 00 00 00 00 00 00 01 00 00 00 00 00 00 00 4B 00 00 00 00 00 00 00 60 BC E2 5A FA 00 00 00 88 00 00 00 00 00 00 00 00 00 00 00 00 00 00 00

1st Glitched Ring: 84 01 00 00 06 19 2D 2E 01 00 00 00 00 00 00 00 00 00 00 00 01 00 00 00 00 00 00 00 2C 01 00 00 00 00 00 00 00 00 00 00 E8 03 00 00 89 02 00 00 00 00 00 00 00 00 00 00 00 00 00 00

Beta Hood: 39 00 00 00 05 05 55 83 01 00 00 00 01 00 00 00 00 00 00 00 01 00 00 00 00 00 00 00 4B 00 00 00 00 00 00 00 00 00 00 00 FA 00 00 00 87 00 00 00 00 00 00 00 00 00 00 00 00 00 00 00

Real Magenta Furry Hat: AF 01 00 00 69 00 00 00 01 00 00 00 01 00 00 00 00 00 00 00 01 00 00 00 00 00 00 00 69 00 00 00 00 00 00 00 60 BC E2 5A 5E 01 00 00 CA 02 00 00 00 00 00 00 00 00 00 00 00 00 00 00

Magenta Elf Tail: 45 00 00 00 00 00 00 00 01 00 00 00 01 00 00 00 00 00 00 00 01 00 00 00 00 00 00 00 2D 00 00 00 00 00 00 00 00 00 00 00 96 00 00 00 A7 00 00 00 00 00 00 00 00 00 00 00 00 00 00 00

Black Long Collar: 97 00 00 00 00 00 55 67 01 00 00 00 01 00 00 00 04 00 00 00 01 00 00 00 00 00 00 00 13 01 00 00 00 00 00 00 00 00 00 00 2C 01 00 00 1D 01 00 00 00 00 00 00 00 00 00 00 00 00 00 00

Magenta Long Collar: 97 00 00 00 00 00 00 00 01 00 00 00 01 00 00 00 04 00 00 00 01 00 00 00 00 00 00 00 13 01 00 00 00 00 00 00 00 00 00 00 2C 01 00 00 1D 01 00 00 00 00 00 00 00 00 00 00 00 00 00 00

Beta Elf: 3A 00 00 00 3B F6 7F 93 01 00 00 00 01 00 00 00 00 00 00 00 01 00 00 00 00 00 00 00 3C 00 00 00 00 00 00 00 00 00 00 00 C8 00 00 00 A9 00 00 00 00 00 00 00 00 00 00 00 00 00 00 00 FF FF FF FF 00

Mag old blanket; 85 0 0 0 6 0 0 0 1 0 0 0 1 0 0 0 176 0 0 0 1 0 0 0 0 32 0 0 26 1 0 0 0 0 0 0 0 0 0 0 167 1 0 0 216 1 0 0 0 0 0 0 0 0 0 0 1 0 0 0

Mag trident(prolly underwater); 190 0 0 0 6 0 0 0 1 0 0 0 1 0 0 0 176 0 0 0 1 0 0 0 0 32 0 0 26 1 0 0 0 0 0 0 0 0 0 0 167 1 0 0 216 1 0 0 0 0 0 0 0 0 0 0 1 0 0 0 0

Mag royal blanket; 48 0 0 0 6 0 0 0 1 0 0 0 1 0 0 0 176 0 0 0 1 0 0 0 0 32 0 0 26 1 0 0 0 0 0 0 0 0 0 0 167 1 0 0 216 1 0 0 0 0 0 0 0 0 0 0 1 0 0 0 0

Mag eye (male); 1 0 0 0 6 0 0 0 1 0 0 0 1 0 0 0 176 0 0 0 1 0 0 0 0 32 0 0 26 1 0 0 0 0 0 0 0 0 0 0 167 1 0 0 216 1 0 0 0 0 0 0 0 0 0 0 1 0 0 0 0

Mag candy cane tiara (underwater i think?); 207 0 0 0 6 0 0 0 1 0 0 0 1 0 0 0 176 0 0 0 1 0 0 0 0 32 0 0 26 1 0 0 0 0 0 0 0 0 0 0 167 1 0 0 216 1 0 0 0 0 0 0 0 0 0 0 1 0 0 0 0

Mag bunny hat; 8 0 0 0 6 0 0 0 1 0 0 0 1 0 0 0 176 0 0 0 1 0 0 0 0 32 0 0 26 1 0 0 0 0 0 0 0 0 0 0 167 1 0 0 216 1 0 0 0 0 0 0 0 0 0 0 1 0 0 0 0

Mag sloth pattern (idk what animals it shows on other than the sloth); 18 0 0 0 6 0 0 0 1 0 0 0 1 0 0 0 176 0 0 0 1 0 0 0 0 32 0 0 26 1 0 0 0 0 0 0 0 0 0 0 167 1 0 0 216 1 0 0 0 0 0 0 0 0 0 0 1 0 0 0 0

Mag leg pads; 89 0 0 0 6 0 0 0 1 0 0 0 1 0 0 0 176 0 0 0 1 0 0 0 0 32 0 0 26 1 0 0 0 0 0 0 0 0 0 0 167 1 0 0 216 1 0 0 0 0 0 0 0 0 0 0 1 0 0 0 0

Mag/turquoise moon necklace; 247 0 0 0 6 0 0 0 1 0 0 0 1 0 0 0 176 0 0 0 1 0 0 0 0 32 0 0 26 1 0 0 0 0 0 0 0 0 0 0 167 1 0 0 216 1 0 0 0 0 0 0 0 0 0 0 1 0 0 0 0

Mag backpack (dora this you?); 200 0 0 0 6 0 0 0 1 0 0 0 1 0 0 0 176 0 0 0 1 0 0 0 0 32 0 0 26 1 0 0 0 0 0 0 0 0 0 0 167 1 0 0 216 1 0 0 0 0 0 0 0 0 0 0 1 0 0 0 0

Mag/turquoise army helm; 234 0 0 0 6 0 0 0 1 0 0 0 1 0 0 0 176 0 0 0 1 0 0 0 0 32 0 0 26 1 0 0 0 0 0 0 0 0 0 0 167 1 0 0 216 1 0 0 0 0 0 0 0 0 0 0 1 0 0 0 0

Mag dragon wings; 185 0 0 0 6 0 0 0 1 0 0 0 1 0 0 0 176 0 0 0 1 0 0 0 0 32 0 0 26 1 0 0 0 0 0 0 0 0 0 0 167 1 0 0 216 1 0 0 0 0 0 0 0 0 0 0 1 0 0 0 0

Mag/t winter puff coat; 201 0 0 0 6 0 0 0 1 0 0 0 1 0 0 0 176 0 0 0 1 0 0 0 0 32 0 0 26 1 0 0 0 0 0 0 0 0 0 0 167 1 0 0 216 1 0 0 0 0 0 0 0 0 0 0 1 0 0 0 0

Mag flower glasses; 193 0 0 0 6 0 0 0 1 0 0 0 1 0 0 0 176 0 0 0 1 0 0 0 0 32 0 0 26 1 0 0 0 0 0 0 0 0 0 0 167 1 0 0 216 1 0 0 0 0 0 0 0 0 0 0 1 0 0 0 0

T/mag glove; 51 0 0 0 6 0 0 0 1 0 0 0 1 0 0 0 176 0 0 0 1 0 0 0 0 32 0 0 26 1 0 0 0 0 0 0 0 0 0 0 167 1 0 0 216 1 0 0 0 0 0 0 0 0 0 0 1 0 0 0 0

Mag whistle/U (U means underwater and T means turquoise); 165 0 0 0 6 0 0 0 1 0 0 0 1 0 0 0 176 0 0 0 1 0 0 0 0 32 0 0 26 1 0 0 0 0 0 0 0 0 0 0 167 1 0 0 216 1 0 0 0 0 0 0 0 0 0 0 1 0 0 0 0

Mag angel wings; 63 0 0 0 6 0 0 0 1 0 0 0 1 0 0 0 176 0 0 0 1 0 0 0 0 32 0 0 26 1 0 0 0 0 0 0 0 0 0 0 167 1 0 0 216 1 0 0 0 0 0 0 0 0 0 0 1 0 0 0 0

Mag heart glasses (I love them so much); 130 0 0 0 6 0 0 0 1 0 0 0 1 0 0 0 214 0 0 0 1 0 0 0 0 32 0 0 26 1 0 0 0 0 0 0 0 0 0 0 167 1 0 0 216 1 0 0 0 0 0 0 0 0 0 0 1 0 0 0 0

Mag shark fin; 150 0 0 0 6 0 0 0 1 0 0 0 1 0 0 0 214 0 0 0 1 0 0 0 0 32 0 0 26 1 0 0 0 0 0 0 0 0 0 0 167 1 0 0 216 1 0 0 0 0 0 0 0 0 0 0 1 0 0 0 0

Mag demon hat thing..?; 113 0 0 0 6 0 0 0 1 0 0 0 1 0 0 0 214 0 0 0 1 0 0 0 0 32 0 0 26 1 0 0 0 0 0 0 0 0 0 0 167 1 0 0 216 1 0 0 0 0 0 0 0 0 0 0 1 0 0 0 0

Mag baseball cap thing (idk if its underwater or on land); 237 0 0 0 6 0 0 0 1 0 0 0 1 0 0 0 214 0 0 0 1 0 0 0 0 32 0 0 26 1 0 0 0 0 0 0 0 0 0 0 167 1 0 0 216 1 0 0 0 0 0 0 0 0 0 0 1 0 0 0 0

Mag tie (wsg bepper); 84 0 0 0 6 0 0 0 1 0 0 0 1 0 0 0 214 0 0 0 1 0 0 0 0 32 0 0 26 1 0 0 0 0 0 0 0 0 0 0 167 1 0 0 216 1 0 0 0 0 0 0 0 0 0 0 1 0 0 0 0

Mag/t dragon hat; 134 0 0 0 6 0 0 0 1 0 0 0 1 0 0 0 214 0 0 0 1 0 0 0 0 32 0 0 26 1 0 0 0 0 0 0 0 0 0 0 167 1 0 0 216 1 0 0 0 0 0 0 0 0 0 0 1 0 0 0 0

Mag/t drag wings; 47 0 0 0 6 0 0 0 1 0 0 0 1 0 0 0 214 0 0 0 1 0 0 0 0 32 0 0 26 1 0 0 0 0 0 0 0 0 0 0 167 1 0 0 216 1 0 0 0 0 0 0 0 0 0 0 1 0 0 0 0
